Pickles loaded...


Training  BNB  model...
Model Trained
Validation Accuracy= 0.9365837141113609
Pickles loaded...


Training  BNB  model...
Model Trained
Validation Accuracy= 0.9365837141113609
[[  380     0     0     0     0     0     0     0     0     0     0     6
      0     0     0     0     0     0     0     0     0     0]
 [    0     3     0     0     0     0     0     0     1     0     0     6
      0     0     0     0    12     0     0     0     0     0]
 [    0     0     0     0     0     0     0     0     0     0     0     2
      0     0     0     0     0     0     0     0     1     0]
 [    0     0     0    24     3     0     0     1     0     0     0  1269
      0     0     0     4     1     0     0     0     0     0]
 [    0     0     0     0     0     0     0     0     0     0     0     0
      0     0     0     1     0     0     0     0     0     0]
 [    0     0     0     0     0   151     0     0     0     0     0     3
      0     0     0     0     0     0     1     0     0     0]
 [    0     0     0     0     0     0     9     0     0     0     0     0
      0     0     0     0     0     0     0     0     0     0]
 [    0     1     0     0     0     0     0     0     0     0     0     0
      0     0     0     0     1     0     0     0     0     0]
 [    0     1     0     0     0     0     0     0     1     0     0    14
      0     0     0     0     1     0     0     0     1     0]
 [    0     0     0     0    46     0     3     0     0  6704     0     0
      0     0     0    28     0 13551     0     0     0     0]
 [    0     0     0     0     1     0     0     0     0     0    79     0
      0     0     0     0     0     0     0     0     0     0]
 [    2     5     0     0    10   113     2     1     2     0   112 47247
      0     0    18    78     6   153     0    48   116     0]
 [    0     0     0     0     0     0     0     0     0     0     0     1
      0     0     0     0     1     0     0     0     0     0]
 [    0     0     0     0     0     0     0     0     0     0     0     2
      0     0     0     0     0     0     0     0     0     0]
 [    0     0     0     0     0     0     0     0     0     0     3     1
      0     0    40     0     0     1     0     0     0     0]
 [    0     0     0     0     0     0     0     0     0     0     0     0
      0     0     0   169     0     5     0     0     0     0]
 [    0     0     0     0     0     0     0     0     2     0     0    10
      0     0     0     0     0     0     0     0     1     0]
 [    0     0     0     0     0     0     0     0     0    79     1     1
      0     0     0     1     0   778     0     0     0     0]
 [    0     0     0     0     0     7     0     0     0     0     0    17
      0     0     0     0     0     0   912     0     0     0]
 [    0     0     0     0     0     0     0     0     0     0     0     0
      0     0     0     0     0     0     0    12     0     0]
 [    0     0     0     0     0     0     0     0     0     0     0     0
      0     0     0     0     0     0     0     0     0     0]
 [    0     0     0     0     1     0     1     5     0     0     0   477
      0     0     0     0     2     0     0     0   516     0]]
Testing Accuracy=  77.12538727156097
Classification Report:-
               precision    recall  f1-score   support

           0       0.99      0.98      0.99       386
           1       0.30      0.14      0.19        22
           2       0.00      0.00      0.00         3
           3       1.00      0.02      0.04      1302
           4       0.00      0.00      0.00         1
           5       0.56      0.97      0.71       155
           6       0.60      1.00      0.75         9
           7       0.00      0.00      0.00         2
           8       0.17      0.06      0.08        18
           9       0.99      0.33      0.49     20332
          10       0.41      0.99      0.57        80
          11       0.96      0.99      0.97     47913
          12       0.00      0.00      0.00         2
          13       0.00      0.00      0.00         2
          14       0.69      0.89      0.78        45
          15       0.60      0.97      0.74       174
          16       0.00      0.00      0.00        13
          17       0.05      0.90      0.10       860
          18       1.00      0.97      0.99       936
          20       0.20      1.00      0.33        12
          21       0.00      0.00      0.00         0
          22       0.00      0.00      0.00      1002

   micro avg       0.77      0.77      0.77     73269
   macro avg       0.39      0.46      0.35     73269
weighted avg       0.94      0.77      0.80     73269

