Pickles loaded...


Training  Extrees  model...
Model Trained
Validation Accuracy= 0.999717207197821
[[  386     0     0     0     0     0     0     0     0     0     0     0
      0     0     0     0     0     0     0     0     0     0]
 [    0     0     0     0     0     0     0     0     0     0     0    20
      1     0     0     0     0     0     0     0     0     1]
 [    0     0     0     0     0     0     0     0     1     0     0     2
      0     0     0     0     0     0     0     0     0     0]
 [    0     0     0     0     0     0     0     0     0     0     0  1302
      0     0     0     0     0     0     0     0     0     0]
 [    0     0     0     0     0     0     0     0     0     0     0     1
      0     0     0     0     0     0     0     0     0     0]
 [    0     0     0     0     0   151     0     0     0     0     0     0
      0     0     0     0     0     3     1     0     0     0]
 [    0     0     0     0     0     0     7     0     0     0     0     2
      0     0     0     0     0     0     0     0     0     0]
 [    0     0     0     0     0     0     0     0     0     0     0     2
      0     0     0     0     0     0     0     0     0     0]
 [    0     0     0     0     0     0     0     0     0     0     0    18
      0     0     0     0     0     0     0     0     0     0]
 [    0     0     0     0     0     7     0     0     0 20038     0     5
      0     0     0   277     0     5     0     0     0     0]
 [    0     0     0     0     0     0     0     0     0     0    80     0
      0     0     0     0     0     0     0     0     0     0]
 [    6     1     0     0     0    19     0     0     0     1     1 47633
      0     0    16    39     1   146    13    37     0     0]
 [    0     0     0     0     0     0     0     0     0     0     0     2
      0     0     0     0     0     0     0     0     0     0]
 [    0     0     0     0     0     0     0     0     0     0     0     1
      0     1     0     0     0     0     0     0     0     0]
 [    0     0     0     0     0     0     0     0     0     0     0     7
      0     0    38     0     0     0     0     0     0     0]
 [    0     0     0     0     0     0     0     0     0     0     0     0
      0     0     0   171     0     3     0     0     0     0]
 [    0     0     0     0     0     0     0     0     0     0     0    13
      0     0     0     0     0     0     0     0     0     0]
 [    0     0     0     0     0     0     0     0     0     0     0     3
      0     0     0     1     0   856     0     0     0     0]
 [    0     0     0     0     0     0     0     0     0     0     0     0
      0     0     0     0     0     2   934     0     0     0]
 [    0     0     0     0     0     0     0     0     0     0     0     0
      0     0     0     0     0     0     0    12     0     0]
 [    0     0     0     0     0     0     0     0     0     0     0     0
      0     0     0     0     0     0     0     0     0     0]
 [    0     0     2     0     0     0     0     0     0     0     0   993
      0     0     0     0     0     0     0     0     6     1]]
Testing Accuracy=  95.95872742906278
Classification Report:-
               precision    recall  f1-score   support

           0       0.98      1.00      0.99       386
           1       0.00      0.00      0.00        22
           2       0.00      0.00      0.00         3
           3       0.00      0.00      0.00      1302
           4       0.00      0.00      0.00         1
           5       0.85      0.97      0.91       155
           6       1.00      0.78      0.88         9
           7       0.00      0.00      0.00         2
           8       0.00      0.00      0.00        18
           9       1.00      0.99      0.99     20332
          10       0.99      1.00      0.99        80
          11       0.95      0.99      0.97     47913
          12       0.00      0.00      0.00         2
          13       1.00      0.50      0.67         2
          14       0.70      0.84      0.77        45
          15       0.35      0.98      0.52       174
          16       0.00      0.00      0.00        13
          17       0.84      1.00      0.91       860
          18       0.99      1.00      0.99       936
          20       0.24      1.00      0.39        12
          21       0.00      0.00      0.00         0
          22       0.50      0.00      0.00      1002

   micro avg       0.96      0.96      0.96     73269
   macro avg       0.47      0.50      0.45     73269
weighted avg       0.94      0.96      0.95     73269

