Pickles loaded...


Training  Extree  model...
Model Trained
Validation Accuracy= 0.9993172042210546
[[  304     0     0     0     0     0     0     0     0     0     0    72
      0     0     0     0     0     0     0    10     0     0]
 [    0     0     0     0     0     0     0     0     0     0     0    16
      1     0     0     0     1     0     0     0     0     4]
 [    0     0     0     0     0     0     0     0     0     0     0     2
      0     0     0     0     0     0     0     0     1     0]
 [    0     0     0     0     0     0     0     0     0     0     0  1297
      0     0     0     1     0     1     0     3     0     0]
 [    0     0     0     0     0     0     0     0     0     0     0     1
      0     0     0     0     0     0     0     0     0     0]
 [    0     0     0     0     0   151     0     0     0     0     0     0
      0     0     0     0     0     3     1     0     0     0]
 [    0     0     0     0     0     0     4     0     0     0     0     5
      0     0     0     0     0     0     0     0     0     0]
 [    0     0     0     0     0     0     0     0     0     0     0     1
      0     0     0     0     1     0     0     0     0     0]
 [    0     2     0     0     1     0     0     0     0     0     1    14
      0     0     0     0     0     0     0     0     0     0]
 [    0     0     0     5     0     0     0     0     0 19594     0   170
      0     0     0   242     0   321     0     0     0     0]
 [    0     0     0     0     0     0     0     0     0     2    78     0
      0     0     0     0     0     0     0     0     0     0]
 [    0     1     0     0     0     2     1     1     1     2     9 47602
      0     0    15    39     0   173    37    30     0     0]
 [    0     0     0     0     0     0     0     0     0     0     0     1
      1     0     0     0     0     0     0     0     0     0]
 [    0     0     0     0     0     0     0     0     0     0     0     2
      0     0     0     0     0     0     0     0     0     0]
 [    0     0     0     0     0     0     0     0     0     0     0     6
      0     0    35     0     0     0     4     0     0     0]
 [    0     0     0     0     0     6     0     0     0     0     0     4
      0     0     0   156     0     8     0     0     0     0]
 [    0     1     0     0     0     0     0     0     0     0     0    12
      0     0     0     0     0     0     0     0     0     0]
 [    0     0     0     0     0     4     0     0     0     0     0     7
      0     0     0     3     0   845     0     1     0     0]
 [    0     0     0     0     0     0     0     0     0     0     0    24
      0     0     0     0     0     0   912     0     0     0]
 [    0     0     0     0     0     0     0     0     0     0     1     0
      0     0     0     0     0     3     0     8     0     0]
 [    0     0     0     0     0     0     0     0     0     0     0     0
      0     0     0     0     0     0     0     0     0     0]
 [    0     1     0     0     0     1     0     0     5     0     0   919
      0     0     0     7     0     0     0     0    68     1]]
Testing Accuracy=  95.11662503923897
Classification Report:-
               precision    recall  f1-score   support

           0       1.00      0.79      0.88       386
           1       0.00      0.00      0.00        22
           2       0.00      0.00      0.00         3
           3       0.00      0.00      0.00      1302
           4       0.00      0.00      0.00         1
           5       0.92      0.97      0.95       155
           6       0.80      0.44      0.57         9
           7       0.00      0.00      0.00         2
           8       0.00      0.00      0.00        18
           9       1.00      0.96      0.98     20332
          10       0.88      0.97      0.92        80
          11       0.95      0.99      0.97     47913
          12       0.50      0.50      0.50         2
          13       0.00      0.00      0.00         2
          14       0.70      0.78      0.74        45
          15       0.35      0.90      0.50       174
          16       0.00      0.00      0.00        13
          17       0.62      0.98      0.76       860
          18       0.96      0.97      0.97       936
          20       0.15      0.67      0.25        12
          21       0.00      0.00      0.00         0
          22       0.20      0.00      0.00      1002

   micro avg       0.95      0.95      0.95     73269
   macro avg       0.41      0.45      0.41     73269
weighted avg       0.93      0.95      0.94     73269

