Pickles loaded...


Training  forest  model...
Model Trained
Validation Accuracy= 0.9997413934243231
[[  384     0     0     0     0     0     0     0     0     0     0     2
      0     0     0     0     0     0     0     0     0]
 [    0     0     0     0     0     0     0     0     0     0     0    22
      0     0     0     0     0     0     0     0     0]
 [    0     0     0     0     0     0     0     0     0     0     0     3
      0     0     0     0     0     0     0     0     0]
 [    0     0     0     0     0     0     0     0     0     0     0  1302
      0     0     0     0     0     0     0     0     0]
 [    0     0     0     0     0     0     0     0     0     0     0     1
      0     0     0     0     0     0     0     0     0]
 [    0     0     0     0     0   151     0     0     0     0     0     2
      0     0     0     0     0     1     1     0     0]
 [    0     0     0     0     0     0     6     0     0     0     0     3
      0     0     0     0     0     0     0     0     0]
 [    0     0     0     0     0     0     0     0     0     0     0     2
      0     0     0     0     0     0     0     0     0]
 [    0     0     0     0     0     0     0     0     0     0     0    18
      0     0     0     0     0     0     0     0     0]
 [    0     0     0     0     0     0     0     0     0 20321     0     2
      0     0     0     2     0     7     0     0     0]
 [    0     0     0     0     0     0     0     0     0     0    80     0
      0     0     0     0     0     0     0     0     0]
 [    0     0     0     0     0     1     0     0     0     0     0 47677
      0     0    16    39     0   143     0    37     0]
 [    0     0     0     0     0     0     0     0     0     0     0     2
      0     0     0     0     0     0     0     0     0]
 [    0     0     0     0     0     0     0     0     0     0     0     1
      0     1     0     0     0     0     0     0     0]
 [    0     0     0     0     0     0     0     0     0     0     0     4
      0     0    41     0     0     0     0     0     0]
 [    0     0     0     0     0     1     0     0     0     0     0     1
      0     0     0   167     0     5     0     0     0]
 [    0     0     0     0     0     0     0     0     0     0     0    13
      0     0     0     0     0     0     0     0     0]
 [    0     0     0     0     0     0     0     0     0     0     0     2
      0     0     0     1     0   857     0     0     0]
 [    0     0     0     0     0     0     0     0     0     0     0     0
      0     0     0     0     0     0   936     0     0]
 [    0     0     0     0     0     0     0     0     0     0     0     0
      0     0     0     0     0     0     0    12     0]
 [    0     0     0     0     0     0     0     0     0     0     0  1001
      0     0     0     0     0     0     0     0     1]]
Testing Accuracy=  96.40366321363742
Classification Report:-
               precision    recall  f1-score   support

           0       1.00      0.99      1.00       386
           1       0.00      0.00      0.00        22
           2       0.00      0.00      0.00         3
           3       0.00      0.00      0.00      1302
           4       0.00      0.00      0.00         1
           5       0.99      0.97      0.98       155
           6       1.00      0.67      0.80         9
           7       0.00      0.00      0.00         2
           8       0.00      0.00      0.00        18
           9       1.00      1.00      1.00     20332
          10       1.00      1.00      1.00        80
          11       0.95      1.00      0.97     47913
          12       0.00      0.00      0.00         2
          13       1.00      0.50      0.67         2
          14       0.72      0.91      0.80        45
          15       0.80      0.96      0.87       174
          16       0.00      0.00      0.00        13
          17       0.85      1.00      0.92       860
          18       1.00      1.00      1.00       936
          20       0.24      1.00      0.39        12
          22       1.00      0.00      0.00      1002

   micro avg       0.96      0.96      0.96     73269
   macro avg       0.55      0.52      0.50     73269
weighted avg       0.95      0.96      0.95     73269

