Pickles loaded...


Training  GNB  model...
Model Trained
Validation Accuracy= 0.41875660470031406
[[  149     0     0     0     0     0     0     0     0     0     0   212
      0     0     0    23     0     0     0     0     2     0]
 [    0     0     0     0     0     0     0     4     4     0     0    14
      0     0     0     0     0     0     0     0     0     0]
 [    0     0     0     0     0     0     0     0     0     0     1     2
      0     0     0     0     0     0     0     0     0     0]
 [    0    17     0     3     0     6     0    14     2     0     0   424
      0     0     0     2    72    17     0     0   745     0]
 [    0     0     0     0     0     0     0     0     0     0     0     0
      0     0     0     1     0     0     0     0     0     0]
 [    0     0     0     0     0     0     0     0     0     0   151     0
      0     0     0     0     0     0     4     0     0     0]
 [    0     0     0     0     0     0     8     0     0     0     0     1
      0     0     0     0     0     0     0     0     0     0]
 [    0     0     0     0     0     0     0     0     0     0     0     2
      0     0     0     0     0     0     0     0     0     0]
 [    0     0     0     0     0     1     0     2     2     0     4     3
      0     0     1     0     1     3     0     0     1     0]
 [    0     0     0     0     0     0     0     0     0 20217     0     0
      0     0     0    13     0   102     0     0     0     0]
 [    0     0     0     0     0     0     0     0     0     0    80     0
      0     0     0     0     0     0     0     0     0     0]
 [ 9339  3928  1124     0     0  1364     0   127    50     0  2147 10948
      0     0    20    76    16  3894    86   910 13883     1]
 [    0     0     0     0     0     0     0     0     0     0     0     2
      0     0     0     0     0     0     0     0     0     0]
 [    0     0     0     0     0     1     0     0     0     0     0     1
      0     0     0     0     0     0     0     0     0     0]
 [    0     0     0     0     0     0     0     0     0     0     5     0
      0     0    40     0     0     0     0     0     0     0]
 [    0     0     0     0     0     0     0     0     0     0     0     0
      0     0     0   125     0    49     0     0     0     0]
 [    0     0     0     0     0     1     0     1     1     0     0     5
      0     0     0     0     0     2     0     0     3     0]
 [    0     0     0     0     0     0     0     0     0     0     2     0
      0     0     0     5     0   846     0     7     0     0]
 [    0     0     0     0     0     0     0     0     0     0     0     0
      0     0     1     0     0    34   901     0     0     0]
 [    0     0     0     0     0     0     0     0     0     0     0     0
      0     0     0     0     0     0     0    12     0     0]
 [    0     0     0     0     0     0     0     0     0     0     0     0
      0     0     0     0     0     0     0     0     0     0]
 [    0     0    34     0     0     1     0    92     6     0    92   372
      0     0     0     0     0     3     0     0   388    14]]
Testing Accuracy=  45.510379560250584
Classification Report:-
               precision    recall  f1-score   support

           0       0.02      0.39      0.03       386
           1       0.00      0.00      0.00        22
           2       0.00      0.00      0.00         3
           3       1.00      0.00      0.00      1302
           4       0.00      0.00      0.00         1
           5       0.00      0.00      0.00       155
           6       1.00      0.89      0.94         9
           7       0.00      0.00      0.00         2
           8       0.03      0.11      0.05        18
           9       1.00      0.99      1.00     20332
          10       0.03      1.00      0.06        80
          11       0.91      0.23      0.37     47913
          12       0.00      0.00      0.00         2
          13       0.00      0.00      0.00         2
          14       0.65      0.89      0.75        45
          15       0.51      0.72      0.60       174
          16       0.00      0.00      0.00        13
          17       0.17      0.98      0.29       860
          18       0.91      0.96      0.94       936
          20       0.01      1.00      0.03        12
          21       0.00      0.00      0.00         0
          22       0.93      0.01      0.03      1002

   micro avg       0.46      0.46      0.46     73269
   macro avg       0.33      0.37      0.23     73269
weighted avg       0.92      0.46      0.53     73269

