Pickles loaded...


Training  KNN  model...
Model Trained
Validation Accuracy= 0.9993506928423653
[[  300     0     0     0     0     0     0     0     0     0     0    86
      0     0     0     0     0     0     0     0     0     0]
 [    0    11     0     0     0     0     0     0     1     0     0    10
      0     0     0     0     0     0     0     0     0     0]
 [    0     0     0     0     0     0     0     0     0     0     0     3
      0     0     0     0     0     0     0     0     0     0]
 [    2     0     0    28     0     0     0     0     0     0     0  1272
      0     0     0     0     0     0     0     0     0     0]
 [    0     0     0     0     0     0     0     0     0     0     0     1
      0     0     0     0     0     0     0     0     0     0]
 [    0     0     0     0     0   150     0     0     0     0     0     4
      0     0     0     0     0     0     1     0     0     0]
 [    0     0     0     0     0     0     9     0     0     0     0     0
      0     0     0     0     0     0     0     0     0     0]
 [    0     0     0     0     0     0     0     0     2     0     0     0
      0     0     0     0     0     0     0     0     0     0]
 [    0     0     0     0     0     0     0     0     0     0     0    18
      0     0     0     0     0     0     0     0     0     0]
 [    0     0     0     0     0    15     0     0     0 20259     0     9
      0     0     0    49     0     0     0     0     0     0]
 [    0     0     0     0     0     0     0     0     0     0    80     0
      0     0     0     0     0     0     0     0     0     0]
 [    1     1     0     0     0    30     0     0     0     0     2 47686
      0     0    15    48     0    89     0    39     2     0]
 [    0     1     0     0     0     0     0     0     0     0     0     1
      0     0     0     0     0     0     0     0     0     0]
 [    0     0     0     0     0     0     0     0     0     0     0     2
      0     0     0     0     0     0     0     0     0     0]
 [    0     0     0     0     0     0     0     0     0     0     0     5
      0     0    40     0     0     0     0     0     0     0]
 [    0     0     0     0     0     1     0     0     0     0     0     1
      0     0     0   168     0     4     0     0     0     0]
 [    0     0     0     0     0     0     0     0     1     0     0    12
      0     0     0     0     0     0     0     0     0     0]
 [    0     0     0     0     0     0     0     0     0     0     0   319
      0     0     0     1     0   540     0     0     0     0]
 [    0     0     0     0     0     0     0     0     0     0     0     0
      0     0     0     0     0     9   927     0     0     0]
 [    0     0     0     0     0     0     0     0     0     0     0     0
      0     0     0     0     0     0     0    12     0     0]
 [    0     0     0     0     0     0     0     0     0     0     0     0
      0     0     0     0     0     0     0     0     0     0]
 [    0     0     0     0     0     0     0     0     0     0     0   991
      0     0     0     0     0     0     0     0    11     0]]
Testing Accuracy=  95.82497372695137
Classification Report:-
               precision    recall  f1-score   support

           0       0.99      0.78      0.87       386
           1       0.85      0.50      0.63        22
           2       0.00      0.00      0.00         3
           3       1.00      0.02      0.04      1302
           4       0.00      0.00      0.00         1
           5       0.77      0.97      0.85       155
           6       1.00      1.00      1.00         9
           7       0.00      0.00      0.00         2
           8       0.00      0.00      0.00        18
           9       1.00      1.00      1.00     20332
          10       0.98      1.00      0.99        80
          11       0.95      1.00      0.97     47913
          12       0.00      0.00      0.00         2
          13       0.00      0.00      0.00         2
          14       0.73      0.89      0.80        45
          15       0.63      0.97      0.76       174
          16       0.00      0.00      0.00        13
          17       0.84      0.63      0.72       860
          18       1.00      0.99      0.99       936
          20       0.24      1.00      0.38        12
          21       0.00      0.00      0.00         0
          22       0.00      0.00      0.00      1002

   micro avg       0.96      0.96      0.96     73269
   macro avg       0.50      0.49      0.46     73269
weighted avg       0.95      0.96      0.94     73269

