Pickles loaded...


Training  LDA  model...
Model Trained
Validation Accuracy= 0.9840687186509295
[[    2     0     0     0     0     0     0     0     0     0     0   331
      0     0     0    53     0     0     0     0     0     0     0]
 [    1     0     0     2     0     0     0     0     0     0     0     2
      2    11     0     0     0     0     0     0     0     0     4]
 [    0     0     1     0     0     0     0     0     0     0     0     2
      0     0     0     0     0     0     0     0     0     0     0]
 [    0     0     0   482     0     2     0     0     0     2     0   813
      0     0     0     2     0     0     0     0     0     0     1]
 [    0     0     0     0     0     0     0     0     0     0     0     1
      0     0     0     0     0     0     0     0     0     0     0]
 [    0     0     0     0     0   150     0     0     0     0     1     3
      0     0     0     0     0     0     1     0     0     0     0]
 [    0     0     0     0     0     0     9     0     0     0     0     0
      0     0     0     0     0     0     0     0     0     0     0]
 [    0     0     0     0     0     0     0     0     0     0     0     0
      2     0     0     0     0     0     0     0     0     0     0]
 [    1     0     0     0     0     0     0     0     1     0     0    15
      0     1     0     0     0     0     0     0     0     0     0]
 [    0     0     0     0     0     0     0     0     0 20196     0    86
      0     0     0     0     0     7     0    43     0     0     0]
 [    0     0     0     0    80     0     0     0     0     0     0     0
      0     0     0     0     0     0     0     0     0     0     0]
 [   23     1     0     5     0   132     0     1     1    11    18 46783
      0    22    17    48     0   108   417    21    37    24   244]
 [    0     0     0     0     0     0     0     0     1     0     0     0
      1     0     0     0     0     0     0     0     0     0     0]
 [    0     0     0     0     0     0     0     0     0     0     0     1
      0     1     0     0     0     0     0     0     0     0     0]
 [    0     0     0     0     0     0     0     0     0     0     0     5
      0     0    40     0     0     0     0     0     0     0     0]
 [    0     0     0     0     0     1     0     0     0     5     0    13
      0     0     0   105     0    50     0     0     0     0     0]
 [    1     0     1     0     0     0     0     0     0     0     0     8
      1     0     0     0     0     0     0     0     0     0     2]
 [    0     0     0     0     0     1     0     0     0    10     0     5
      0     0     0     1     0   843     0     0     0     0     0]
 [    0     0     0     0     0   109     0     0     0     0     0     1
      0     0     0     0     0     0   826     0     0     0     0]
 [    0     0     0     0     0     0     0     0     0     0     0     0
      0     0     0     0     0     0     0     0     0     0     0]
 [    0     0     0     0     0     0     0     0     0     0     0     0
      0     0     4     0     0     0     0     0     8     0     0]
 [    0     0     0     0     0     0     0     0     0     0     0     0
      0     0     0     0     0     0     0     0     0     0     0]
 [    0     0     0     0     0     7     0     0     0     0     0   599
      0     0     0     0     0     5     0     0     0     0   391]]
Testing Accuracy=  95.31862042610108
Classification Report:-
               precision    recall  f1-score   support

           0       0.07      0.01      0.01       386
           1       0.00      0.00      0.00        22
           2       0.50      0.33      0.40         3
           3       0.99      0.37      0.54      1302
           4       0.00      0.00      0.00         1
           5       0.37      0.97      0.54       155
           6       1.00      1.00      1.00         9
           7       0.00      0.00      0.00         2
           8       0.33      0.06      0.10        18
           9       1.00      0.99      1.00     20332
          10       0.00      0.00      0.00        80
          11       0.96      0.98      0.97     47913
          12       0.17      0.50      0.25         2
          13       0.03      0.50      0.05         2
          14       0.66      0.89      0.75        45
          15       0.50      0.60      0.55       174
          16       0.00      0.00      0.00        13
          17       0.83      0.98      0.90       860
          18       0.66      0.88      0.76       936
          19       0.00      0.00      0.00         0
          20       0.18      0.67      0.28        12
          21       0.00      0.00      0.00         0
          22       0.61      0.39      0.48      1002

   micro avg       0.95      0.95      0.95     73269
   macro avg       0.39      0.44      0.37     73269
weighted avg       0.95      0.95      0.95     73269

