Pickles loaded...


Training  linear_svm  model...
Model Trained
Validation Accuracy= 0.9821691696310298
[[  381     0     0     0     0     0     0     0     0     0     0     5
      0     0     0     0     0     0     0     0     0     0     0]
 [    0     3     4     0     0     0     0     0     0     0     0    11
      2     0     0     0     2     0     0     0     0     0     0]
 [    0     0     0     0     0     0     0     0     1     0     0     2
      0     0     0     0     0     0     0     0     0     0     0]
 [    2     0     0    16     0     0     0     0    95     0     0  1150
      0     0     0     0    36     1     0     1     0     1     0]
 [    0     0     0     0     0     0     0     0     0     0     0     0
      0     0     0     1     0     0     0     0     0     0     0]
 [    0     0     0     0     0   149     0     0     0     0     2     0
      0     0     0     0     0     3     1     0     0     0     0]
 [    0     0     0     0     0     0     9     0     0     0     0     0
      0     0     0     0     0     0     0     0     0     0     0]
 [    0     0     0     0     0     0     0     0     0     0     0     1
      1     0     0     0     0     0     0     0     0     0     0]
 [    1     1     0     0     0     0     0     0     2     0     2     8
      0     1     0     0     3     0     0     0     0     0     0]
 [    0     0     0     0     0     0     0     0     0 20310     0     1
      0     0     0    10     0    11     0     0     0     0     0]
 [    0     0     0     0     0     0     0     0     0     0    80     0
      0     0     0     0     0     0     0     0     0     0     0]
 [   24    19     2     0     2    15     0     2     8     0   177 47241
      0     1    65    43    18   200    14     1    39    42     0]
 [    0     0     0     0     0     0     0     0     0     0     0     1
      1     0     0     0     0     0     0     0     0     0     0]
 [    0     0     0     0     0     0     0     0     0     0     0     1
      0     1     0     0     0     0     0     0     0     0     0]
 [    0     0     0     0     0     0     0     0     0     0     0     1
      0     0    43     0     0     1     0     0     0     0     0]
 [    0     0     0     0     0     2     0     0     0     0     0     4
      0     0     0   157     0    11     0     0     0     0     0]
 [    3     0     0     0     0     0     0     0     0     0     0     7
      1     0     0     0     0     0     0     0     0     2     0]
 [    0     0     0     0     0     1     0     0     0     6     0     1
      0     0     0     9     0   843     0     0     0     0     0]
 [    0     0     0     0     0     4     0     0     0     0     0     0
      0     0     0     0     0     0   932     0     0     0     0]
 [    0     0     0     0     0     0     0     0     0     0     0     0
      0     0     0     0     0     0     0     0     0     0     0]
 [    0     0     0     0     0     0     0     0     0     0     0     0
      0     0     0     0     0     0     0     0    12     0     0]
 [    0     0     0     0     0     0     0     0     0     0     0     0
      0     0     0     0     0     0     0     0     0     0     0]
 [    0     1   114     0     0     1     0     0   338     0     0   517
      0     0     0     6     0    23     0     0     0     1     1]]
Testing Accuracy=  95.78539354979596
Classification Report:-
               precision    recall  f1-score   support

           0       0.93      0.99      0.96       386
           1       0.12      0.14      0.13        22
           2       0.00      0.00      0.00         3
           3       1.00      0.01      0.02      1302
           4       0.00      0.00      0.00         1
           5       0.87      0.96      0.91       155
           6       1.00      1.00      1.00         9
           7       0.00      0.00      0.00         2
           8       0.00      0.11      0.01        18
           9       1.00      1.00      1.00     20332
          10       0.31      1.00      0.47        80
          11       0.97      0.99      0.98     47913
          12       0.20      0.50      0.29         2
          13       0.33      0.50      0.40         2
          14       0.40      0.96      0.56        45
          15       0.69      0.90      0.78       174
          16       0.00      0.00      0.00        13
          17       0.77      0.98      0.86       860
          18       0.98      1.00      0.99       936
          19       0.00      0.00      0.00         0
          20       0.24      1.00      0.38        12
          21       0.00      0.00      0.00         0
          22       1.00      0.00      0.00      1002

   micro avg       0.96      0.96      0.96     73269
   macro avg       0.47      0.52      0.42     73269
weighted avg       0.97      0.96      0.95     73269

