Pickles loaded...


Training  LinearSVC  model...
Model Trained
Validation Accuracy= 0.25313118609254764
[[  309     0     0     0     0     0     0     0     0     0    10     0
      0     0     0     0     0    67     0     0     0     0]
 [    0     0     1     0     0     0     0     1     2     0     0     1
      0     0     0     4    12     0     0     0     1     0]
 [    0     0     0     0     0     0     0     0     1     0     0     0
      0     0     0     1     1     0     0     0     0     0]
 [    0    41     0     0     0     0     0     5     0     1    58   311
      0     0     0     6    73    50     0     0   757     0]
 [    0     0     0     0     0     0     0     0     0     0     0     0
      0     0     0     1     0     0     0     0     0     0]
 [    0     0     0     0     0    11     0     0     0     0     4     0
      0     0     0   110     0    30     0     0     0     0]
 [    0     0     0     0     0     0     1     0     0     0     0     0
      0     0     0     7     1     0     0     0     0     0]
 [    0     0     0     0     0     0     0     0     0     0     1     0
      0     0     0     0     1     0     0     0     0     0]
 [    2     0     0     0     0     0     0     0     0     0     9     1
      0     0     0     2     2     2     0     0     0     0]
 [    0     0     0     0     0     0     0     0     0 18479     0     0
      0     0     0  1850     0     3     0     0     0     0]
 [    0     0     0     0     0     0     0     0     0    78     1     0
      0     0     0     1     0     0     0     0     0     0]
 [ 4799   329   822     0     9     1     0    73   150    21  2044    74
      0     0     6  1377    20 33569     0    39  4579     1]
 [    0     1     0     0     0     0     0     0     0     0     0     0
      0     0     0     0     1     0     0     0     0     0]
 [    0     0     0     0     0     0     0     0     2     0     0     0
      0     0     0     0     0     0     0     0     0     0]
 [    0     0     0     0     0     0     0     0     0     0     6     0
      0     0    14    24     0     0     1     0     0     0]
 [    0     0     0     0     0     0     0     0     0     1    10     0
      0     0     0   147     0    16     0     0     0     0]
 [    1     1     1     0     0     0     0     0     0     0     0     0
      0     0     0     6     0     0     0     0     4     0]
 [    0     1     0     0     0     0     0     0     0     0     1     0
      0     0     0   103     0   755     0     0     0     0]
 [    0     0     0     0     0     3     0     0     0     0     0     0
      0     0     0     0     0   930     3     0     0     0]
 [    0     0     0     0     0     0     0     0     0     0     3     0
      0     0     0     0     0     0     0     9     0     0]
 [    0     0     0     0     0     0     0     0     0     0     0     0
      0     0     0     0     0     0     0     0     0     0]
 [    2    90     0     0     0     0     0    86     1    22   198    13
      0     0     0   460   111    17     0     0     2     0]]
Testing Accuracy=  27.02780166236744
Classification Report:-
               precision    recall  f1-score   support

           0       0.06      0.80      0.11       386
           1       0.00      0.00      0.00        22
           2       0.00      0.00      0.00         3
           3       0.00      0.00      0.00      1302
           4       0.00      0.00      0.00         1
           5       0.73      0.07      0.13       155
           6       1.00      0.11      0.20         9
           7       0.00      0.00      0.00         2
           8       0.00      0.00      0.00        18
           9       0.99      0.91      0.95     20332
          10       0.00      0.01      0.00        80
          11       0.18      0.00      0.00     47913
          12       0.00      0.00      0.00         2
          13       0.00      0.00      0.00         2
          14       0.70      0.31      0.43        45
          15       0.04      0.84      0.07       174
          16       0.00      0.00      0.00        13
          17       0.02      0.88      0.04       860
          18       0.75      0.00      0.01       936
          20       0.19      0.75      0.30        12
          21       0.00      0.00      0.00         0
          22       0.00      0.00      0.00      1002

   micro avg       0.27      0.27      0.27     73269
   macro avg       0.21      0.21      0.10     73269
weighted avg       0.41      0.27      0.27     73269

