Pickles loaded...


Training  MLP  model...
Model Trained
Validation Accuracy= 0.9993823209847144
[[  368     0     0     0     0     0     0     0     0     0     0    18
      0     0     0     0     0     0     0     0     0     0]
 [    0    11     0     0     0     0     0     0     1     0     0     9
      1     0     0     0     0     0     0     0     0     0]
 [    0     0     1     0     0     0     0     0     0     0     0     2
      0     0     0     0     0     0     0     0     0     0]
 [    2     0     0     7     0     0     0     0     0     0     0  1293
      0     0     0     0     0     0     0     0     0     0]
 [    0     0     0     0     0     0     0     0     0     0     0     0
      0     0     0     1     0     0     0     0     0     0]
 [    0     0     0     0     0   150     0     0     0     0     0     4
      0     0     0     0     0     0     1     0     0     0]
 [    0     0     0     0     0     0     1     0     4     0     0     4
      0     0     0     0     0     0     0     0     0     0]
 [    0     0     0     0     0     0     0     0     0     1     0     0
      1     0     0     0     0     0     0     0     0     0]
 [    0     0     1     0     0     0     0     0     0     0     0    17
      0     0     0     0     0     0     0     0     0     0]
 [    0     0     0     0     0     0     0     0     0 20315     0     0
      0     0     0     6     0    11     0     0     0     0]
 [    0     0     0     0     0     0     0     0     0     0    79     0
      0     0     0     1     0     0     0     0     0     0]
 [   12     6     0     0     0     3     0     0     0     0     0 47687
      0     1    15    44     1   106     0    38     0     0]
 [    0     0     0     0     0     0     0     0     0     0     0     1
      1     0     0     0     0     0     0     0     0     0]
 [    0     0     0     0     0     0     0     0     0     0     0     1
      0     1     0     0     0     0     0     0     0     0]
 [    0     0     0     0     0     0     0     0     0     0     0     5
      0     0    40     0     0     0     0     0     0     0]
 [    0     0     0     0     0     1     0     0     0     0     0     0
      0     0     0   168     0     4     0     0     1     0]
 [    0     0     0     0     0     0     0     0     1     0     0    12
      0     0     0     0     0     0     0     0     0     0]
 [    0     0     0     0     0     0     0     0     0     0     0   298
      0     0     0     6     0   556     0     0     0     0]
 [    0     0     0     0     0     0     0     0     0     0     0     9
      0     0     0     0     0     0   927     0     0     0]
 [    0     0     0     0     0     0     0     0     0     0     0     0
      0     0     0     0     0     0     0    12     0     0]
 [    0     0     0     0     0     0     0     0     0     0     0     0
      0     0     0     0     0     0     0     0     0     0]
 [    0     0     8     0     0     0     0     4     1     0     0   987
      0     0     0     0     0     0     0     0     2     0]]
Testing Accuracy=  95.980564768183
Classification Report:-
               precision    recall  f1-score   support

           0       0.96      0.95      0.96       386
           1       0.65      0.50      0.56        22
           2       0.10      0.33      0.15         3
           3       1.00      0.01      0.01      1302
           4       0.00      0.00      0.00         1
           5       0.97      0.97      0.97       155
           6       1.00      0.11      0.20         9
           7       0.00      0.00      0.00         2
           8       0.00      0.00      0.00        18
           9       1.00      1.00      1.00     20332
          10       1.00      0.99      0.99        80
          11       0.95      1.00      0.97     47913
          12       0.33      0.50      0.40         2
          13       0.50      0.50      0.50         2
          14       0.73      0.89      0.80        45
          15       0.74      0.97      0.84       174
          16       0.00      0.00      0.00        13
          17       0.82      0.65      0.72       860
          18       1.00      0.99      0.99       936
          20       0.24      1.00      0.39        12
          21       0.00      0.00      0.00         0
          22       0.00      0.00      0.00      1002

   micro avg       0.96      0.96      0.96     73269
   macro avg       0.55      0.52      0.48     73269
weighted avg       0.95      0.96      0.94     73269

