Pickles loaded...


Training  tree  model...
Model Trained
Validation Accuracy= 0.9996781371396253
[[  150     0     0     0     0     0     0     0     0     0     0   236
      0     0     0     0     0     0     0     0     0     0]
 [    0     1     0     0     0     1     0     1     0     0     0    17
      2     0     0     0     0     0     0     0     0     0]
 [    0     0     0     0     0     0     0     0     0     0     0     3
      0     0     0     0     0     0     0     0     0     0]
 [    0     0     0   185     0     0     0     0     0     0     0  1072
      0     0     0     0    43     2     0     0     0     0]
 [    0     0     0     0     0     0     0     0     0     0     0     1
      0     0     0     0     0     0     0     0     0     0]
 [    0     0     0     0     0   153     0     0     0     0     1     0
      0     0     0     0     0     0     1     0     0     0]
 [    0     0     0     0     0     0     7     0     0     0     0     2
      0     0     0     0     0     0     0     0     0     0]
 [    0     0     0     0     0     0     0     0     0     0     0     1
      1     0     0     0     0     0     0     0     0     0]
 [    0     0     2     0     0     0     0     0     0     0     0    14
      1     0     1     0     0     0     0     0     0     0]
 [    0     0     0     0     0     0     0     0     0 20238     0    54
      0     0     0     0     0    40     0     0     0     0]
 [    0     0     0     0     0     0     0     0     0     0    80     0
      0     0     0     0     0     0     0     0     0     0]
 [    5     0     0     0     0     1     0     0     0     0     6 47635
      0     0    18    75     2   127     5    37     0     2]
 [    0     0     0     0     0     0     0     0     1     0     0     0
      1     0     0     0     0     0     0     0     0     0]
 [    0     0     0     0     0     0     0     0     0     0     0     1
      0     1     0     0     0     0     0     0     0     0]
 [    0     0     0     0     0     0     0     0     0     0     0     2
      0     0    43     0     0     0     0     0     0     0]
 [    0     0     0     0     0     2     0     0     0     0     0     1
      0     0     0   165     0     6     0     0     0     0]
 [    0     0     1     0     0     0     0     0     0     0     0    12
      0     0     0     0     0     0     0     0     0     0]
 [    0     0     0     0     0     0     0     0     0     0     0     1
      0     0     0   138     0   721     0     0     0     0]
 [    0     0     0     0     0     0     0     0     0     0     0     0
      0     0     0     0     0     0   936     0     0     0]
 [    0     0     0     0     0     0     0     0     0     0     0     0
      0     0     0     0     0     0     0    12     0     0]
 [    0     0     0     0     0     0     0     0     0     0     0     0
      0     0     0     0     0     0     0     0     0     0]
 [    0     0     2     0     0     0     0     0     0     0     0   976
      0     0     0     1     0    10     0     0    12     1]]
Testing Accuracy=  95.98738893665806
Classification Report:-
               precision    recall  f1-score   support

           0       0.97      0.39      0.55       386
           1       1.00      0.05      0.09        22
           2       0.00      0.00      0.00         3
           3       1.00      0.14      0.25      1302
           4       0.00      0.00      0.00         1
           5       0.97      0.99      0.98       155
           6       1.00      0.78      0.88         9
           7       0.00      0.00      0.00         2
           8       0.00      0.00      0.00        18
           9       1.00      1.00      1.00     20332
          10       0.92      1.00      0.96        80
          11       0.95      0.99      0.97     47913
          12       0.20      0.50      0.29         2
          13       1.00      0.50      0.67         2
          14       0.69      0.96      0.80        45
          15       0.44      0.95      0.60       174
          16       0.00      0.00      0.00        13
          17       0.80      0.84      0.82       860
          18       0.99      1.00      1.00       936
          20       0.24      1.00      0.39        12
          21       0.00      0.00      0.00         0
          22       0.33      0.00      0.00      1002

   micro avg       0.96      0.96      0.96     73269
   macro avg       0.57      0.50      0.47     73269
weighted avg       0.95      0.96      0.95     73269

